102	49.975448
104	54.216590000000004
105	57.31961999999999
109	41.07011999999998
110	44.04849599999999
111	61.086611
112	44.52719500000001
113	52.506095000000016
114	51.000845000000005
115	62.11342499999998
116	55.53409099999999
117	69.01496400000002
121	48.91065
122	98.62371000000002
124	52.386921
170	65.657193
174	60.531431000000005
175	66.05067000000003
176	73.33133599999996
192	57.15205900000002
193	52.402914999999986
194	49.531728
200	73.105156
223	52.10690600000002
251	42.032808999999986
272	52.83814100000002
273	46.62793400000001
274	52.744305999999995
275	43.446152
278	64.470614
279	61.17421200000002
280	54.287284000000014
283	51.68901699999999
285	62.97366200000002
287	41.71677
288	48.55741199999999
289	42.99234400000001
292	55.35677599999999
293	58.650259000000005
294	58.06367599999997
295	62.526427999999996
296	48.740709
300	44.569767999999996
301	57.11551700000001
302	64.89677999999998
303	54.01411399999998
304	57.252501999999986
308	83.456123
309	45.053060999999985
381	51.58735299999999
385	46.41169899999999
389	66.18186500000004
391	40.397606999999994
406	47.648476000000024
643	40.218430000000005
76	44.983458000000006
78	43.26807699999999
828	43.53822399999999
